(kicad_pcb (version 20171130) (host pcbnew "(5.1.6)-1")

  (general
    (thickness 1.6)
    (drawings 34)
    (tracks 578)
    (zones 0)
    (modules 96)
    (nets 88)
  )

  (page A4)
  (layers
    (0 F.Cu signal)
    (31 B.Cu signal)
    (32 B.Adhes user)
    (33 F.Adhes user)
    (34 B.Paste user)
    (35 F.Paste user)
    (36 B.SilkS user)
    (37 F.SilkS user)
    (38 B.Mask user)
    (39 F.Mask user)
    (40 Dwgs.User user)
    (41 Cmts.User user)
    (42 Eco1.User user)
    (43 Eco2.User user)
    (44 Edge.Cuts user)
    (45 Margin user)
    (46 B.CrtYd user)
    (47 F.CrtYd user)
    (48 B.Fab user)
    (49 F.Fab user)
  )

  (setup
    (last_trace_width 0.25)
    (user_trace_width 0.2)
    (trace_clearance 0.2)
    (zone_clearance 0.508)
    (zone_45_only no)
    (trace_min 0.2)
    (via_size 0.8)
    (via_drill 0.4)
    (via_min_size 0.4)
    (via_min_drill 0.3)
    (uvia_size 0.3)
    (uvia_drill 0.1)
    (uvias_allowed no)
    (uvia_min_size 0.2)
    (uvia_min_drill 0.1)
    (edge_width 0.05)
    (segment_width 0.2)
    (pcb_text_width 0.3)
    (pcb_text_size 1.5 1.5)
    (mod_edge_width 0.12)
    (mod_text_size 1 1)
    (mod_text_width 0.15)
    (pad_size 1.524 1.524)
    (pad_drill 0.762)
    (pad_to_mask_clearance 0.05)
    (aux_axis_origin 0 0)
    (visible_elements 7FFFFFFF)
    (pcbplotparams
      (layerselection 0x010fc_ffffffff)
      (usegerberextensions false)
      (usegerberattributes true)
      (usegerberadvancedattributes true)
      (creategerberjobfile true)
      (excludeedgelayer true)
      (linewidth 0.100000)
      (plotframeref false)
      (viasonmask false)
      (mode 1)
      (useauxorigin false)
      (hpglpennumber 1)
      (hpglpenspeed 20)
      (hpglpendiameter 15.000000)
      (psnegative false)
      (psa4output false)
      (plotreference true)
      (plotvalue true)
      (plotinvisibletext false)
      (padsonsilk false)
      (subtractmaskfromsilk false)
      (outputformat 1)
      (mirror false)
      (drillshape 1)
      (scaleselection 1)
      (outputdirectory ""))
  )

  (net 0 "")
  (net 1 GND)
  (net 2 +5V)
  (net 3 /VBAT)
  (net 4 VBUS)
  (net 5 /AUDIO)
  (net 6 "Net-(C6-Pad2)")
  (net 7 /SPKR_SD)
  (net 8 "Net-(C7-Pad1)")
  (net 9 VDD)
  (net 10 +3V3)
  (net 11 /IO38_DBLTAP)
  (net 12 /BATT_MON)
  (net 13 "Net-(C15-Pad1)")
  (net 14 "Net-(C16-Pad1)")
  (net 15 "Net-(C17-Pad2)")
  (net 16 "Net-(C17-Pad1)")
  (net 17 "Net-(D1-Pad1)")
  (net 18 "Net-(D1-Pad2)")
  (net 19 "Net-(D2-Pad2)")
  (net 20 "Net-(D2-Pad1)")
  (net 21 "Net-(D3-Pad1)")
  (net 22 "Net-(D4-Pad2)")
  (net 23 "Net-(D5-Pad2)")
  (net 24 "Net-(D6-Pad2)")
  (net 25 /D+)
  (net 26 "Net-(J1-PadB5)")
  (net 27 "Net-(J1-PadA8)")
  (net 28 /D-)
  (net 29 "Net-(J1-PadA5)")
  (net 30 "Net-(J1-PadB8)")
  (net 31 /LCD_CLK)
  (net 32 /LCD_DAT)
  (net 33 /LCD_CS)
  (net 34 /EXTCOMIN)
  (net 35 /SDA)
  (net 36 /SCL)
  (net 37 "Net-(JP1-Pad2)")
  (net 38 "Net-(LS1-Pad2)")
  (net 39 "Net-(LS1-Pad1)")
  (net 40 "Net-(Q2-Pad1)")
  (net 41 /RESET)
  (net 42 /BUTTON0)
  (net 43 /BUTTON1)
  (net 44 /BUTTON2)
  (net 45 "Net-(R9-Pad1)")
  (net 46 /BUTTON3)
  (net 47 "Net-(R13-Pad2)")
  (net 48 "Net-(R14-Pad2)")
  (net 49 /D13)
  (net 50 "Net-(R24-Pad1)")
  (net 51 /BOOT0)
  (net 52 "Net-(SW7-Pad1)")
  (net 53 "Net-(U2-Pad2)")
  (net 54 "Net-(U3-Pad4)")
  (net 55 "Net-(U4-Pad40)")
  (net 56 "Net-(U4-Pad34)")
  (net 57 "Net-(U4-Pad37)")
  (net 58 "Net-(U4-Pad38)")
  (net 59 "Net-(U4-Pad14)")
  (net 60 "Net-(U4-Pad13)")
  (net 61 "Net-(U4-Pad12)")
  (net 62 "Net-(U4-Pad11)")
  (net 63 "Net-(U4-Pad10)")
  (net 64 "Net-(U4-Pad9)")
  (net 65 "Net-(U4-Pad8)")
  (net 66 "Net-(U4-Pad17)")
  (net 67 "Net-(U4-Pad15)")
  (net 68 "Net-(U5-Pad1)")
  (net 69 "Net-(U5-Pad6)")
  (net 70 "Net-(U5-Pad7)")
  (net 71 "Net-(U5-Pad9)")
  (net 72 "Net-(U5-Pad11)")
  (net 73 "Net-(U5-Pad12)")
  (net 74 /CIPO)
  (net 75 "Net-(U4-Pad7)")
  (net 76 "Net-(J5-Pad3)")
  (net 77 "Net-(J6-Pad3)")
  (net 78 /VNEO)
  (net 79 /NEOPOWER)
  (net 80 /LIGHT)
  (net 81 "Net-(D7-Pad2)")
  (net 82 "Net-(D8-Pad2)")
  (net 83 "Net-(D10-Pad4)")
  (net 84 "Net-(D10-Pad2)")
  (net 85 /NEOPIXEL)
  (net 86 /D1)
  (net 87 /AD1)

  (net_class Default "This is the default net class."
    (clearance 0.2)
    (trace_width 0.25)
    (via_dia 0.8)
    (via_drill 0.4)
    (uvia_dia 0.3)
    (uvia_drill 0.1)
    (add_net +3V3)
    (add_net +5V)
    (add_net /AD1)
    (add_net /AUDIO)
    (add_net /BATT_MON)
    (add_net /BOOT0)
    (add_net /BUTTON0)
    (add_net /BUTTON1)
    (add_net /BUTTON2)
    (add_net /BUTTON3)
    (add_net /CIPO)
    (add_net /D+)
    (add_net /D-)
    (add_net /D1)
    (add_net /D13)
    (add_net /EXTCOMIN)
    (add_net /IO38_DBLTAP)
    (add_net /LCD_CLK)
    (add_net /LCD_CS)
    (add_net /LCD_DAT)
    (add_net /LIGHT)
    (add_net /NEOPIXEL)
    (add_net /NEOPOWER)
    (add_net /RESET)
    (add_net /SCL)
    (add_net /SDA)
    (add_net /SPKR_SD)
    (add_net /VBAT)
    (add_net /VNEO)
    (add_net GND)
    (add_net "Net-(C15-Pad1)")
    (add_net "Net-(C16-Pad1)")
    (add_net "Net-(C17-Pad1)")
    (add_net "Net-(C17-Pad2)")
    (add_net "Net-(C6-Pad2)")
    (add_net "Net-(C7-Pad1)")
    (add_net "Net-(D1-Pad1)")
    (add_net "Net-(D1-Pad2)")
    (add_net "Net-(D10-Pad2)")
    (add_net "Net-(D10-Pad4)")
    (add_net "Net-(D2-Pad1)")
    (add_net "Net-(D2-Pad2)")
    (add_net "Net-(D3-Pad1)")
    (add_net "Net-(D4-Pad2)")
    (add_net "Net-(D5-Pad2)")
    (add_net "Net-(D6-Pad2)")
    (add_net "Net-(D7-Pad2)")
    (add_net "Net-(D8-Pad2)")
    (add_net "Net-(J1-PadA5)")
    (add_net "Net-(J1-PadA8)")
    (add_net "Net-(J1-PadB5)")
    (add_net "Net-(J1-PadB8)")
    (add_net "Net-(J5-Pad3)")
    (add_net "Net-(J6-Pad3)")
    (add_net "Net-(JP1-Pad2)")
    (add_net "Net-(LS1-Pad1)")
    (add_net "Net-(LS1-Pad2)")
    (add_net "Net-(Q2-Pad1)")
    (add_net "Net-(R13-Pad2)")
    (add_net "Net-(R14-Pad2)")
    (add_net "Net-(R24-Pad1)")
    (add_net "Net-(R9-Pad1)")
    (add_net "Net-(SW7-Pad1)")
    (add_net "Net-(U2-Pad2)")
    (add_net "Net-(U3-Pad4)")
    (add_net "Net-(U4-Pad10)")
    (add_net "Net-(U4-Pad11)")
    (add_net "Net-(U4-Pad12)")
    (add_net "Net-(U4-Pad13)")
    (add_net "Net-(U4-Pad14)")
    (add_net "Net-(U4-Pad15)")
    (add_net "Net-(U4-Pad17)")
    (add_net "Net-(U4-Pad34)")
    (add_net "Net-(U4-Pad37)")
    (add_net "Net-(U4-Pad38)")
    (add_net "Net-(U4-Pad40)")
    (add_net "Net-(U4-Pad7)")
    (add_net "Net-(U4-Pad8)")
    (add_net "Net-(U4-Pad9)")
    (add_net "Net-(U5-Pad1)")
    (add_net "Net-(U5-Pad11)")
    (add_net "Net-(U5-Pad12)")
    (add_net "Net-(U5-Pad6)")
    (add_net "Net-(U5-Pad7)")
    (add_net "Net-(U5-Pad9)")
    (add_net VBUS)
    (add_net VDD)
  )

  (module Resistor_SMD:R_0603_1608Metric (layer F.Cu) (tedit 5B301BBD) (tstamp 605D49CC)
    (at 20.4 19.8 270)
    (descr "Resistor SMD 0603 (1608 Metric), square (rectangular) end terminal, IPC_7351 nominal, (Body size source: http://www.tortai-tech.com/upload/download/2011102023233369053.pdf), generated with kicad-footprint-generator")
    (tags resistor)
    (path /607C2836)
    (attr smd)
    (fp_text reference R13 (at -3 0 90) (layer F.SilkS)
      (effects (font (size 1 1) (thickness 0.15)))
    )
    (fp_text value 47k (at 0 1.43 90) (layer F.Fab)
      (effects (font (size 1 1) (thickness 0.15)))
    )
    (fp_line (start 1.48 0.73) (end -1.48 0.73) (layer F.CrtYd) (width 0.05))
    (fp_line (start 1.48 -0.73) (end 1.48 0.73) (layer F.CrtYd) (width 0.05))
    (fp_line (start -1.48 -0.73) (end 1.48 -0.73) (layer F.CrtYd) (width 0.05))
    (fp_line (start -1.48 0.73) (end -1.48 -0.73) (layer F.CrtYd) (width 0.05))
    (fp_line (start -0.162779 0.51) (end 0.162779 0.51) (layer F.SilkS) (width 0.12))
    (fp_line (start -0.162779 -0.51) (end 0.162779 -0.51) (layer F.SilkS) (width 0.12))
    (fp_line (start 0.8 0.4) (end -0.8 0.4) (layer F.Fab) (width 0.1))
    (fp_line (start 0.8 -0.4) (end 0.8 0.4) (layer F.Fab) (width 0.1))
    (fp_line (start -0.8 -0.4) (end 0.8 -0.4) (layer F.Fab) (width 0.1))
    (fp_line (start -0.8 0.4) (end -0.8 -0.4) (layer F.Fab) (width 0.1))
    (fp_text user %R (at 0 0 90) (layer F.Fab)
      (effects (font (size 0.4 0.4) (thickness 0.06)))
    )
    (pad 1 smd roundrect (at -0.7875 0 270) (size 0.875 0.95) (layers F.Cu F.Paste F.Mask) (roundrect_rratio 0.25)
      (net 6 "Net-(C6-Pad2)"))
    (pad 2 smd roundrect (at 0.7875 0 270) (size 0.875 0.95) (layers F.Cu F.Paste F.Mask) (roundrect_rratio 0.25)
      (net 47 "Net-(R13-Pad2)"))
    (model ${KISYS3DMOD}/Resistor_SMD.3dshapes/R_0603_1608Metric.wrl
      (at (xyz 0 0 0))
      (scale (xyz 1 1 1))
      (rotate (xyz 0 0 0))
    )
  )

  (module Connector_JST:JST_PH_S3B-PH-SM4-TB_1x03-1MP_P2.00mm_Horizontal (layer F.Cu) (tedit 5B78AD87) (tstamp 605E923F)
    (at 33 17.6 90)
    (descr "JST PH series connector, S3B-PH-SM4-TB (http://www.jst-mfg.com/product/pdf/eng/ePH.pdf), generated with kicad-footprint-generator")
    (tags "connector JST PH top entry")
    (path /607A6845)
    (attr smd)
    (fp_text reference J6 (at -6 0 180) (layer F.SilkS)
      (effects (font (size 1 1) (thickness 0.15)))
    )
    (fp_text value Conn_01x03 (at 0 5.8 90) (layer F.Fab)
      (effects (font (size 1 1) (thickness 0.15)))
    )
    (fp_line (start -4.95 -3.2) (end -4.15 -3.2) (layer F.Fab) (width 0.1))
    (fp_line (start -4.15 -3.2) (end -4.15 -1.6) (layer F.Fab) (width 0.1))
    (fp_line (start -4.15 -1.6) (end 4.15 -1.6) (layer F.Fab) (width 0.1))
    (fp_line (start 4.15 -1.6) (end 4.15 -3.2) (layer F.Fab) (width 0.1))
    (fp_line (start 4.15 -3.2) (end 4.95 -3.2) (layer F.Fab) (width 0.1))
    (fp_line (start -5.06 0.94) (end -5.06 -3.31) (layer F.SilkS) (width 0.12))
    (fp_line (start -5.06 -3.31) (end -4.04 -3.31) (layer F.SilkS) (width 0.12))
    (fp_line (start -4.04 -3.31) (end -4.04 -1.71) (layer F.SilkS) (width 0.12))
    (fp_line (start -4.04 -1.71) (end -2.76 -1.71) (layer F.SilkS) (width 0.12))
    (fp_line (start -2.76 -1.71) (end -2.76 -4.6) (layer F.SilkS) (width 0.12))
    (fp_line (start 5.06 0.94) (end 5.06 -3.31) (layer F.SilkS) (width 0.12))
    (fp_line (start 5.06 -3.31) (end 4.04 -3.31) (layer F.SilkS) (width 0.12))
    (fp_line (start 4.04 -3.31) (end 4.04 -1.71) (layer F.SilkS) (width 0.12))
    (fp_line (start 4.04 -1.71) (end 2.76 -1.71) (layer F.SilkS) (width 0.12))
    (fp_line (start -3.34 4.51) (end 3.34 4.51) (layer F.SilkS) (width 0.12))
    (fp_line (start -4.95 4.4) (end 4.95 4.4) (layer F.Fab) (width 0.1))
    (fp_line (start -4.95 -3.2) (end -4.95 4.4) (layer F.Fab) (width 0.1))
    (fp_line (start 4.95 -3.2) (end 4.95 4.4) (layer F.Fab) (width 0.1))
    (fp_line (start -5.6 -5.1) (end -5.6 5.1) (layer F.CrtYd) (width 0.05))
    (fp_line (start -5.6 5.1) (end 5.6 5.1) (layer F.CrtYd) (width 0.05))
    (fp_line (start 5.6 5.1) (end 5.6 -5.1) (layer F.CrtYd) (width 0.05))
    (fp_line (start 5.6 -5.1) (end -5.6 -5.1) (layer F.CrtYd) (width 0.05))
    (fp_line (start -2.5 -1.6) (end -2 -0.892893) (layer F.Fab) (width 0.1))
    (fp_line (start -2 -0.892893) (end -1.5 -1.6) (layer F.Fab) (width 0.1))
    (fp_text user %R (at 0 1.5 90) (layer F.Fab)
      (effects (font (size 1 1) (thickness 0.15)))
    )
    (pad 1 smd roundrect (at -2 -2.85 90) (size 1 3.5) (layers F.Cu F.Paste F.Mask) (roundrect_rratio 0.25)
      (net 1 GND))
    (pad 2 smd roundrect (at 0 -2.85 90) (size 1 3.5) (layers F.Cu F.Paste F.Mask) (roundrect_rratio 0.25)
      (net 10 +3V3))
    (pad 3 smd roundrect (at 2 -2.85 90) (size 1 3.5) (layers F.Cu F.Paste F.Mask) (roundrect_rratio 0.25)
      (net 77 "Net-(J6-Pad3)"))
    (pad MP smd roundrect (at -4.35 2.9 90) (size 1.5 3.4) (layers F.Cu F.Paste F.Mask) (roundrect_rratio 0.166667))
    (pad MP smd roundrect (at 4.35 2.9 90) (size 1.5 3.4) (layers F.Cu F.Paste F.Mask) (roundrect_rratio 0.166667))
    (model ${KISYS3DMOD}/Connector_JST.3dshapes/JST_PH_S3B-PH-SM4-TB_1x03-1MP_P2.00mm_Horizontal.wrl
      (at (xyz 0 0 0))
      (scale (xyz 1 1 1))
      (rotate (xyz 0 0 0))
    )
  )

  (module Connector_JST:JST_PH_S2B-PH-SM4-TB_1x02-1MP_P2.00mm_Horizontal (layer F.Cu) (tedit 5B78AD87) (tstamp 605A9A93)
    (at -11.1 11.5 90)
    (descr "JST PH series connector, S2B-PH-SM4-TB (http://www.jst-mfg.com/product/pdf/eng/ePH.pdf), generated with kicad-footprint-generator")
    (tags "connector JST PH top entry")
    (path /60614E19)
    (attr smd)
    (fp_text reference J3 (at 3.5 -4.3 180) (layer F.SilkS)
      (effects (font (size 1 1) (thickness 0.15)))
    )
    (fp_text value Conn_01x02 (at 0 5.8 90) (layer F.Fab)
      (effects (font (size 1 1) (thickness 0.15)))
    )
    (fp_line (start -1 -0.892893) (end -0.5 -1.6) (layer F.Fab) (width 0.1))
    (fp_line (start -1.5 -1.6) (end -1 -0.892893) (layer F.Fab) (width 0.1))
    (fp_line (start 4.6 -5.1) (end -4.6 -5.1) (layer F.CrtYd) (width 0.05))
    (fp_line (start 4.6 5.1) (end 4.6 -5.1) (layer F.CrtYd) (width 0.05))
    (fp_line (start -4.6 5.1) (end 4.6 5.1) (layer F.CrtYd) (width 0.05))
    (fp_line (start -4.6 -5.1) (end -4.6 5.1) (layer F.CrtYd) (width 0.05))
    (fp_line (start 3.95 -3.2) (end 3.95 4.4) (layer F.Fab) (width 0.1))
    (fp_line (start -3.95 -3.2) (end -3.95 4.4) (layer F.Fab) (width 0.1))
    (fp_line (start -3.95 4.4) (end 3.95 4.4) (layer F.Fab) (width 0.1))
    (fp_line (start -2.34 4.51) (end 2.34 4.51) (layer F.SilkS) (width 0.12))
    (fp_line (start 3.04 -1.71) (end 1.76 -1.71) (layer F.SilkS) (width 0.12))
    (fp_line (start 3.04 -3.31) (end 3.04 -1.71) (layer F.SilkS) (width 0.12))
    (fp_line (start 4.06 -3.31) (end 3.04 -3.31) (layer F.SilkS) (width 0.12))
    (fp_line (start 4.06 0.94) (end 4.06 -3.31) (layer F.SilkS) (width 0.12))
    (fp_line (start -1.76 -1.71) (end -1.76 -4.6) (layer F.SilkS) (width 0.12))
    (fp_line (start -3.04 -1.71) (end -1.76 -1.71) (layer F.SilkS) (width 0.12))
    (fp_line (start -3.04 -3.31) (end -3.04 -1.71) (layer F.SilkS) (width 0.12))
    (fp_line (start -4.06 -3.31) (end -3.04 -3.31) (layer F.SilkS) (width 0.12))
    (fp_line (start -4.06 0.94) (end -4.06 -3.31) (layer F.SilkS) (width 0.12))
    (fp_line (start 3.15 -3.2) (end 3.95 -3.2) (layer F.Fab) (width 0.1))
    (fp_line (start 3.15 -1.6) (end 3.15 -3.2) (layer F.Fab) (width 0.1))
    (fp_line (start -3.15 -1.6) (end 3.15 -1.6) (layer F.Fab) (width 0.1))
    (fp_line (start -3.15 -3.2) (end -3.15 -1.6) (layer F.Fab) (width 0.1))
    (fp_line (start -3.95 -3.2) (end -3.15 -3.2) (layer F.Fab) (width 0.1))
    (fp_text user %R (at 0 1.5 90) (layer F.Fab)
      (effects (font (size 1 1) (thickness 0.15)))
    )
    (pad 1 smd roundrect (at -1 -2.85 90) (size 1 3.5) (layers F.Cu F.Paste F.Mask) (roundrect_rratio 0.25)
      (net 3 /VBAT))
    (pad 2 smd roundrect (at 1 -2.85 90) (size 1 3.5) (layers F.Cu F.Paste F.Mask) (roundrect_rratio 0.25)
      (net 1 GND))
    (pad MP smd roundrect (at -3.35 2.9 90) (size 1.5 3.4) (layers F.Cu F.Paste F.Mask) (roundrect_rratio 0.166667))
    (pad MP smd roundrect (at 3.35 2.9 90) (size 1.5 3.4) (layers F.Cu F.Paste F.Mask) (roundrect_rratio 0.166667))
    (model ${KISYS3DMOD}/Connector_JST.3dshapes/JST_PH_S2B-PH-SM4-TB_1x02-1MP_P2.00mm_Horizontal.wrl
      (at (xyz 0 0 0))
      (scale (xyz 1 1 1))
      (rotate (xyz 0 0 0))
    )
  )

  (module Connector_USB:USB_C_Receptacle_HRO_TYPE-C-31-M-12 (layer F.Cu) (tedit 5D3C0721) (tstamp 605A9A4B)
    (at -36.1 2 270)
    (descr "USB Type-C receptacle for USB 2.0 and PD, http://www.krhro.com/uploads/soft/180320/1-1P320120243.pdf")
    (tags "usb usb-c 2.0 pd")
    (path /5FE4405E)
    (attr smd)
    (fp_text reference J1 (at 0 -5.645 90) (layer F.SilkS)
      (effects (font (size 1 1) (thickness 0.15)))
    )
    (fp_text value USB_C_Receptacle_USB2.0 (at 0 5.1 90) (layer F.Fab)
      (effects (font (size 1 1) (thickness 0.15)))
    )
    (fp_line (start -4.7 3.9) (end 4.7 3.9) (layer F.SilkS) (width 0.12))
    (fp_line (start -4.47 -3.65) (end 4.47 -3.65) (layer F.Fab) (width 0.1))
    (fp_line (start -4.47 -3.65) (end -4.47 3.65) (layer F.Fab) (width 0.1))
    (fp_line (start -4.47 3.65) (end 4.47 3.65) (layer F.Fab) (width 0.1))
    (fp_line (start 4.47 -3.65) (end 4.47 3.65) (layer F.Fab) (width 0.1))
    (fp_line (start -5.32 -5.27) (end 5.32 -5.27) (layer F.CrtYd) (width 0.05))
    (fp_line (start -5.32 4.15) (end 5.32 4.15) (layer F.CrtYd) (width 0.05))
    (fp_line (start -5.32 -5.27) (end -5.32 4.15) (layer F.CrtYd) (width 0.05))
    (fp_line (start 5.32 -5.27) (end 5.32 4.15) (layer F.CrtYd) (width 0.05))
    (fp_line (start 4.7 -1.9) (end 4.7 0.1) (layer F.SilkS) (width 0.12))
    (fp_line (start 4.7 2) (end 4.7 3.9) (layer F.SilkS) (width 0.12))
    (fp_line (start -4.7 -1.9) (end -4.7 0.1) (layer F.SilkS) (width 0.12))
    (fp_line (start -4.7 2) (end -4.7 3.9) (layer F.SilkS) (width 0.12))
    (fp_text user %R (at 0 0 90) (layer F.Fab)
      (effects (font (size 1 1) (thickness 0.15)))
    )
    (pad S1 thru_hole oval (at 4.32 1.05 270) (size 1 1.6) (drill oval 0.6 1.2) (layers *.Cu *.Mask)
      (net 1 GND))
    (pad "" np_thru_hole circle (at 2.89 -2.6 270) (size 0.65 0.65) (drill 0.65) (layers *.Cu *.Mask))
    (pad S1 thru_hole oval (at -4.32 1.05 270) (size 1 1.6) (drill oval 0.6 1.2) (layers *.Cu *.Mask)
      (net 1 GND))
    (pad "" np_thru_hole circle (at -2.89 -2.6 270) (size 0.65 0.65) (drill 0.65) (layers *.Cu *.Mask))
    (pad S1 thru_hole oval (at -4.32 -3.13 270) (size 1 2.1) (drill oval 0.6 1.7) (layers *.Cu *.Mask)
      (net 1 GND))
    (pad S1 thru_hole oval (at 4.32 -3.13 270) (size 1 2.1) (drill oval 0.6 1.7) (layers *.Cu *.Mask)
      (net 1 GND))
    (pad A6 smd rect (at -0.25 -4.045 270) (size 0.3 1.45) (layers F.Cu F.Paste F.Mask)
      (net 25 /D+))
    (pad B5 smd rect (at 1.75 -4.045 270) (size 0.3 1.45) (layers F.Cu F.Paste F.Mask)
      (net 26 "Net-(J1-PadB5)"))
    (pad A8 smd rect (at 1.25 -4.045 270) (size 0.3 1.45) (layers F.Cu F.Paste F.Mask)
      (net 27 "Net-(J1-PadA8)"))
    (pad B6 smd rect (at 0.75 -4.045 270) (size 0.3 1.45) (layers F.Cu F.Paste F.Mask)
      (net 25 /D+))
    (pad A7 smd rect (at 0.25 -4.045 270) (size 0.3 1.45) (layers F.Cu F.Paste F.Mask)
      (net 28 /D-))
    (pad B7 smd rect (at -0.75 -4.045 270) (size 0.3 1.45) (layers F.Cu F.Paste F.Mask)
      (net 28 /D-))
    (pad A5 smd rect (at -1.25 -4.045 270) (size 0.3 1.45) (layers F.Cu F.Paste F.Mask)
      (net 29 "Net-(J1-PadA5)"))
    (pad B8 smd rect (at -1.75 -4.045 270) (size 0.3 1.45) (layers F.Cu F.Paste F.Mask)
      (net 30 "Net-(J1-PadB8)"))
    (pad A12 smd rect (at 3.25 -4.045 270) (size 0.6 1.45) (layers F.Cu F.Paste F.Mask)
      (net 1 GND))
    (pad B4 smd rect (at 2.45 -4.045 270) (size 0.6 1.45) (layers F.Cu F.Paste F.Mask)
      (net 4 VBUS))
    (pad A4 smd rect (at -2.45 -4.045 270) (size 0.6 1.45) (layers F.Cu F.Paste F.Mask)
      (net 4 VBUS))
    (pad A1 smd rect (at -3.25 -4.045 270) (size 0.6 1.45) (layers F.Cu F.Paste F.Mask)
      (net 1 GND))
    (pad B12 smd rect (at -3.25 -4.045 270) (size 0.6 1.45) (layers F.Cu F.Paste F.Mask)
      (net 1 GND))
    (pad B9 smd rect (at -2.45 -4.045 270) (size 0.6 1.45) (layers F.Cu F.Paste F.Mask)
      (net 4 VBUS))
    (pad A9 smd rect (at 2.45 -4.045 270) (size 0.6 1.45) (layers F.Cu F.Paste F.Mask)
      (net 4 VBUS))
    (pad B1 smd rect (at 3.25 -4.045 270) (size 0.6 1.45) (layers F.Cu F.Paste F.Mask)
      (net 1 GND))
    (model ${KISYS3DMOD}/Connector_USB.3dshapes/USB_C_Receptacle_HRO_TYPE-C-31-M-12.wrl
      (at (xyz 0 0 0))
      (scale (xyz 1 1 1))
      (rotate (xyz 0 0 0))
    )
  )

  (module Capacitor_SMD:C_0603_1608Metric (layer F.Cu) (tedit 5B301BBE) (tstamp 605AB460)
    (at 0 13.8 90)
    (descr "Capacitor SMD 0603 (1608 Metric), square (rectangular) end terminal, IPC_7351 nominal, (Body size source: http://www.tortai-tech.com/upload/download/2011102023233369053.pdf), generated with kicad-footprint-generator")
    (tags capacitor)
    (path /60A1BF9F)
    (attr smd)
    (fp_text reference C1 (at 0 -3.8 90) (layer F.SilkS)
      (effects (font (size 1 1) (thickness 0.15)))
    )
    (fp_text value 100n (at 0 1.43 90) (layer F.Fab)
      (effects (font (size 1 1) (thickness 0.15)))
    )
    (fp_line (start -0.8 0.4) (end -0.8 -0.4) (layer F.Fab) (width 0.1))
    (fp_line (start -0.8 -0.4) (end 0.8 -0.4) (layer F.Fab) (width 0.1))
    (fp_line (start 0.8 -0.4) (end 0.8 0.4) (layer F.Fab) (width 0.1))
    (fp_line (start 0.8 0.4) (end -0.8 0.4) (layer F.Fab) (width 0.1))
    (fp_line (start -0.162779 -0.51) (end 0.162779 -0.51) (layer F.SilkS) (width 0.12))
    (fp_line (start -0.162779 0.51) (end 0.162779 0.51) (layer F.SilkS) (width 0.12))
    (fp_line (start -1.48 0.73) (end -1.48 -0.73) (layer F.CrtYd) (width 0.05))
    (fp_line (start -1.48 -0.73) (end 1.48 -0.73) (layer F.CrtYd) (width 0.05))
    (fp_line (start 1.48 -0.73) (end 1.48 0.73) (layer F.CrtYd) (width 0.05))
    (fp_line (start 1.48 0.73) (end -1.48 0.73) (layer F.CrtYd) (width 0.05))
    (fp_text user %R (at 0 0 90) (layer F.Fab)
      (effects (font (size 0.4 0.4) (thickness 0.06)))
    )
    (pad 2 smd roundrect (at 0.7875 0 90) (size 0.875 0.95) (layers F.Cu F.Paste F.Mask) (roundrect_rratio 0.25)
      (net 1 GND))
    (pad 1 smd roundrect (at -0.7875 0 90) (size 0.875 0.95) (layers F.Cu F.Paste F.Mask) (roundrect_rratio 0.25)
      (net 2 +5V))
    (model ${KISYS3DMOD}/Capacitor_SMD.3dshapes/C_0603_1608Metric.wrl
      (at (xyz 0 0 0))
      (scale (xyz 1 1 1))
      (rotate (xyz 0 0 0))
    )
  )

  (module Capacitor_SMD:C_0805_2012Metric (layer F.Cu) (tedit 5B36C52B) (tstamp 605A9859)
    (at -17.6 10.7 90)
    (descr "Capacitor SMD 0805 (2012 Metric), square (rectangular) end terminal, IPC_7351 nominal, (Body size source: https://docs.google.com/spreadsheets/d/1BsfQQcO9C6DZCsRaXUlFlo91Tg2WpOkGARC1WS5S8t0/edit?usp=sharing), generated with kicad-footprint-generator")
    (tags capacitor)
    (path /605A18C5)
    (attr smd)
    (fp_text reference C2 (at 2.3 0 180) (layer F.SilkS)
      (effects (font (size 1 1) (thickness 0.15)))
    )
    (fp_text value 10u (at 0 1.65 90) (layer F.Fab)
      (effects (font (size 1 1) (thickness 0.15)))
    )
    (fp_line (start 1.68 0.95) (end -1.68 0.95) (layer F.CrtYd) (width 0.05))
    (fp_line (start 1.68 -0.95) (end 1.68 0.95) (layer F.CrtYd) (width 0.05))
    (fp_line (start -1.68 -0.95) (end 1.68 -0.95) (layer F.CrtYd) (width 0.05))
    (fp_line (start -1.68 0.95) (end -1.68 -0.95) (layer F.CrtYd) (width 0.05))
    (fp_line (start -0.258578 0.71) (end 0.258578 0.71) (layer F.SilkS) (width 0.12))
    (fp_line (start -0.258578 -0.71) (end 0.258578 -0.71) (layer F.SilkS) (width 0.12))
    (fp_line (start 1 0.6) (end -1 0.6) (layer F.Fab) (width 0.1))
    (fp_line (start 1 -0.6) (end 1 0.6) (layer F.Fab) (width 0.1))
    (fp_line (start -1 -0.6) (end 1 -0.6) (layer F.Fab) (width 0.1))
    (fp_line (start -1 0.6) (end -1 -0.6) (layer F.Fab) (width 0.1))
    (fp_text user %R (at 0 0 90) (layer F.Fab)
      (effects (font (size 0.5 0.5) (thickness 0.08)))
    )
    (pad 1 smd roundrect (at -0.9375 0 90) (size 0.975 1.4) (layers F.Cu F.Paste F.Mask) (roundrect_rratio 0.25)
      (net 3 /VBAT))
    (pad 2 smd roundrect (at 0.9375 0 90) (size 0.975 1.4) (layers F.Cu F.Paste F.Mask) (roundrect_rratio 0.25)
      (net 1 GND))
    (model ${KISYS3DMOD}/Capacitor_SMD.3dshapes/C_0805_2012Metric.wrl
      (at (xyz 0 0 0))
      (scale (xyz 1 1 1))
      (rotate (xyz 0 0 0))
    )
  )

  (module Capacitor_SMD:C_0603_1608Metric (layer F.Cu) (tedit 5B301BBE) (tstamp 605A986A)
    (at 3.6 13.8 90)
    (descr "Capacitor SMD 0603 (1608 Metric), square (rectangular) end terminal, IPC_7351 nominal, (Body size source: http://www.tortai-tech.com/upload/download/2011102023233369053.pdf), generated with kicad-footprint-generator")
    (tags capacitor)
    (path /609F654C)
    (attr smd)
    (fp_text reference C3 (at 0 -5 90) (layer F.SilkS)
      (effects (font (size 1 1) (thickness 0.15)))
    )
    (fp_text value 100n (at 0 1.43 90) (layer F.Fab)
      (effects (font (size 1 1) (thickness 0.15)))
    )
    (fp_line (start 1.48 0.73) (end -1.48 0.73) (layer F.CrtYd) (width 0.05))
    (fp_line (start 1.48 -0.73) (end 1.48 0.73) (layer F.CrtYd) (width 0.05))
    (fp_line (start -1.48 -0.73) (end 1.48 -0.73) (layer F.CrtYd) (width 0.05))
    (fp_line (start -1.48 0.73) (end -1.48 -0.73) (layer F.CrtYd) (width 0.05))
    (fp_line (start -0.162779 0.51) (end 0.162779 0.51) (layer F.SilkS) (width 0.12))
    (fp_line (start -0.162779 -0.51) (end 0.162779 -0.51) (layer F.SilkS) (width 0.12))
    (fp_line (start 0.8 0.4) (end -0.8 0.4) (layer F.Fab) (width 0.1))
    (fp_line (start 0.8 -0.4) (end 0.8 0.4) (layer F.Fab) (width 0.1))
    (fp_line (start -0.8 -0.4) (end 0.8 -0.4) (layer F.Fab) (width 0.1))
    (fp_line (start -0.8 0.4) (end -0.8 -0.4) (layer F.Fab) (width 0.1))
    (fp_text user %R (at 0 0 90) (layer F.Fab)
      (effects (font (size 0.4 0.4) (thickness 0.06)))
    )
    (pad 1 smd roundrect (at -0.7875 0 90) (size 0.875 0.95) (layers F.Cu F.Paste F.Mask) (roundrect_rratio 0.25)
      (net 2 +5V))
    (pad 2 smd roundrect (at 0.7875 0 90) (size 0.875 0.95) (layers F.Cu F.Paste F.Mask) (roundrect_rratio 0.25)
      (net 1 GND))
    (model ${KISYS3DMOD}/Capacitor_SMD.3dshapes/C_0603_1608Metric.wrl
      (at (xyz 0 0 0))
      (scale (xyz 1 1 1))
      (rotate (xyz 0 0 0))
    )
  )

  (module Capacitor_SMD:C_0603_1608Metric (layer F.Cu) (tedit 5B301BBE) (tstamp 605A987B)
    (at 1.8 13.8 90)
    (descr "Capacitor SMD 0603 (1608 Metric), square (rectangular) end terminal, IPC_7351 nominal, (Body size source: http://www.tortai-tech.com/upload/download/2011102023233369053.pdf), generated with kicad-footprint-generator")
    (tags capacitor)
    (path /609D238C)
    (attr smd)
    (fp_text reference C4 (at 0 -4.4 90) (layer F.SilkS)
      (effects (font (size 1 1) (thickness 0.15)))
    )
    (fp_text value 1u (at 0 1.43 90) (layer F.Fab)
      (effects (font (size 1 1) (thickness 0.15)))
    )
    (fp_line (start -0.8 0.4) (end -0.8 -0.4) (layer F.Fab) (width 0.1))
    (fp_line (start -0.8 -0.4) (end 0.8 -0.4) (layer F.Fab) (width 0.1))
    (fp_line (start 0.8 -0.4) (end 0.8 0.4) (layer F.Fab) (width 0.1))
    (fp_line (start 0.8 0.4) (end -0.8 0.4) (layer F.Fab) (width 0.1))
    (fp_line (start -0.162779 -0.51) (end 0.162779 -0.51) (layer F.SilkS) (width 0.12))
    (fp_line (start -0.162779 0.51) (end 0.162779 0.51) (layer F.SilkS) (width 0.12))
    (fp_line (start -1.48 0.73) (end -1.48 -0.73) (layer F.CrtYd) (width 0.05))
    (fp_line (start -1.48 -0.73) (end 1.48 -0.73) (layer F.CrtYd) (width 0.05))
    (fp_line (start 1.48 -0.73) (end 1.48 0.73) (layer F.CrtYd) (width 0.05))
    (fp_line (start 1.48 0.73) (end -1.48 0.73) (layer F.CrtYd) (width 0.05))
    (fp_text user %R (at 0 0 90) (layer F.Fab)
      (effects (font (size 0.4 0.4) (thickness 0.06)))
    )
    (pad 2 smd roundrect (at 0.7875 0 90) (size 0.875 0.95) (layers F.Cu F.Paste F.Mask) (roundrect_rratio 0.25)
      (net 1 GND))
    (pad 1 smd roundrect (at -0.7875 0 90) (size 0.875 0.95) (layers F.Cu F.Paste F.Mask) (roundrect_rratio 0.25)
      (net 2 +5V))
    (model ${KISYS3DMOD}/Capacitor_SMD.3dshapes/C_0603_1608Metric.wrl
      (at (xyz 0 0 0))
      (scale (xyz 1 1 1))
      (rotate (xyz 0 0 0))
    )
  )

  (module Capacitor_SMD:C_0805_2012Metric (layer F.Cu) (tedit 5B36C52B) (tstamp 605A988C)
    (at -19.8 10.7 90)
    (descr "Capacitor SMD 0805 (2012 Metric), square (rectangular) end terminal, IPC_7351 nominal, (Body size source: https://docs.google.com/spreadsheets/d/1BsfQQcO9C6DZCsRaXUlFlo91Tg2WpOkGARC1WS5S8t0/edit?usp=sharing), generated with kicad-footprint-generator")
    (tags capacitor)
    (path /6059BEA9)
    (attr smd)
    (fp_text reference C5 (at 2.3 0 180) (layer F.SilkS)
      (effects (font (size 1 1) (thickness 0.15)))
    )
    (fp_text value 10u (at 0 1.65 90) (layer F.Fab)
      (effects (font (size 1 1) (thickness 0.15)))
    )
    (fp_line (start -1 0.6) (end -1 -0.6) (layer F.Fab) (width 0.1))
    (fp_line (start -1 -0.6) (end 1 -0.6) (layer F.Fab) (width 0.1))
    (fp_line (start 1 -0.6) (end 1 0.6) (layer F.Fab) (width 0.1))
    (fp_line (start 1 0.6) (end -1 0.6) (layer F.Fab) (width 0.1))
    (fp_line (start -0.258578 -0.71) (end 0.258578 -0.71) (layer F.SilkS) (width 0.12))
    (fp_line (start -0.258578 0.71) (end 0.258578 0.71) (layer F.SilkS) (width 0.12))
    (fp_line (start -1.68 0.95) (end -1.68 -0.95) (layer F.CrtYd) (width 0.05))
    (fp_line (start -1.68 -0.95) (end 1.68 -0.95) (layer F.CrtYd) (width 0.05))
    (fp_line (start 1.68 -0.95) (end 1.68 0.95) (layer F.CrtYd) (width 0.05))
    (fp_line (start 1.68 0.95) (end -1.68 0.95) (layer F.CrtYd) (width 0.05))
    (fp_text user %R (at 0 0 90) (layer F.Fab)
      (effects (font (size 0.5 0.5) (thickness 0.08)))
    )
    (pad 2 smd roundrect (at 0.9375 0 90) (size 0.975 1.4) (layers F.Cu F.Paste F.Mask) (roundrect_rratio 0.25)
      (net 1 GND))
    (pad 1 smd roundrect (at -0.9375 0 90) (size 0.975 1.4) (layers F.Cu F.Paste F.Mask) (roundrect_rratio 0.25)
      (net 4 VBUS))
    (model ${KISYS3DMOD}/Capacitor_SMD.3dshapes/C_0805_2012Metric.wrl
      (at (xyz 0 0 0))
      (scale (xyz 1 1 1))
      (rotate (xyz 0 0 0))
    )
  )

  (module Capacitor_SMD:C_0603_1608Metric (layer F.Cu) (tedit 5B301BBE) (tstamp 605D4B34)
    (at 22.4 19.8 270)
    (descr "Capacitor SMD 0603 (1608 Metric), square (rectangular) end terminal, IPC_7351 nominal, (Body size source: http://www.tortai-tech.com/upload/download/2011102023233369053.pdf), generated with kicad-footprint-generator")
    (tags capacitor)
    (path /607DBDBF)
    (attr smd)
    (fp_text reference C6 (at -2.4 0 90) (layer F.SilkS)
      (effects (font (size 1 1) (thickness 0.15)))
    )
    (fp_text value 100n (at 0 1.43 90) (layer F.Fab)
      (effects (font (size 1 1) (thickness 0.15)))
    )
    (fp_line (start 1.48 0.73) (end -1.48 0.73) (layer F.CrtYd) (width 0.05))
    (fp_line (start 1.48 -0.73) (end 1.48 0.73) (layer F.CrtYd) (width 0.05))
    (fp_line (start -1.48 -0.73) (end 1.48 -0.73) (layer F.CrtYd) (width 0.05))
    (fp_line (start -1.48 0.73) (end -1.48 -0.73) (layer F.CrtYd) (width 0.05))
    (fp_line (start -0.162779 0.51) (end 0.162779 0.51) (layer F.SilkS) (width 0.12))
    (fp_line (start -0.162779 -0.51) (end 0.162779 -0.51) (layer F.SilkS) (width 0.12))
    (fp_line (start 0.8 0.4) (end -0.8 0.4) (layer F.Fab) (width 0.1))
    (fp_line (start 0.8 -0.4) (end 0.8 0.4) (layer F.Fab) (width 0.1))
    (fp_line (start -0.8 -0.4) (end 0.8 -0.4) (layer F.Fab) (width 0.1))
    (fp_line (start -0.8 0.4) (end -0.8 -0.4) (layer F.Fab) (width 0.1))
    (fp_text user %R (at 0 0 90) (layer F.Fab)
      (effects (font (size 0.4 0.4) (thickness 0.06)))
    )
    (pad 1 smd roundrect (at -0.7875 0 270) (size 0.875 0.95) (layers F.Cu F.Paste F.Mask) (roundrect_rratio 0.25)
      (net 5 /AUDIO))
    (pad 2 smd roundrect (at 0.7875 0 270) (size 0.875 0.95) (layers F.Cu F.Paste F.Mask) (roundrect_rratio 0.25)
      (net 6 "Net-(C6-Pad2)"))
    (model ${KISYS3DMOD}/Capacitor_SMD.3dshapes/C_0603_1608Metric.wrl
      (at (xyz 0 0 0))
      (scale (xyz 1 1 1))
      (rotate (xyz 0 0 0))
    )
  )

  (module Capacitor_SMD:C_0603_1608Metric (layer F.Cu) (tedit 5B301BBE) (tstamp 605D4AD4)
    (at 15.8 18.6 180)
    (descr "Capacitor SMD 0603 (1608 Metric), square (rectangular) end terminal, IPC_7351 nominal, (Body size source: http://www.tortai-tech.com/upload/download/2011102023233369053.pdf), generated with kicad-footprint-generator")
    (tags capacitor)
    (path /607DB35B)
    (attr smd)
    (fp_text reference C7 (at 0 1.4) (layer F.SilkS)
      (effects (font (size 1 1) (thickness 0.15)))
    )
    (fp_text value 100n (at 0 1.43) (layer F.Fab)
      (effects (font (size 1 1) (thickness 0.15)))
    )
    (fp_line (start -0.8 0.4) (end -0.8 -0.4) (layer F.Fab) (width 0.1))
    (fp_line (start -0.8 -0.4) (end 0.8 -0.4) (layer F.Fab) (width 0.1))
    (fp_line (start 0.8 -0.4) (end 0.8 0.4) (layer F.Fab) (width 0.1))
    (fp_line (start 0.8 0.4) (end -0.8 0.4) (layer F.Fab) (width 0.1))
    (fp_line (start -0.162779 -0.51) (end 0.162779 -0.51) (layer F.SilkS) (width 0.12))
    (fp_line (start -0.162779 0.51) (end 0.162779 0.51) (layer F.SilkS) (width 0.12))
    (fp_line (start -1.48 0.73) (end -1.48 -0.73) (layer F.CrtYd) (width 0.05))
    (fp_line (start -1.48 -0.73) (end 1.48 -0.73) (layer F.CrtYd) (width 0.05))
    (fp_line (start 1.48 -0.73) (end 1.48 0.73) (layer F.CrtYd) (width 0.05))
    (fp_line (start 1.48 0.73) (end -1.48 0.73) (layer F.CrtYd) (width 0.05))
    (fp_text user %R (at 0 0) (layer F.Fab)
      (effects (font (size 0.4 0.4) (thickness 0.06)))
    )
    (pad 2 smd roundrect (at 0.7875 0 180) (size 0.875 0.95) (layers F.Cu F.Paste F.Mask) (roundrect_rratio 0.25)
      (net 1 GND))
    (pad 1 smd roundrect (at -0.7875 0 180) (size 0.875 0.95) (layers F.Cu F.Paste F.Mask) (roundrect_rratio 0.25)
      (net 8 "Net-(C7-Pad1)"))
    (model ${KISYS3DMOD}/Capacitor_SMD.3dshapes/C_0603_1608Metric.wrl
      (at (xyz 0 0 0))
      (scale (xyz 1 1 1))
      (rotate (xyz 0 0 0))
    )
  )

  (module Capacitor_SMD:C_0805_2012Metric (layer F.Cu) (tedit 5B36C52B) (tstamp 605A98BF)
    (at -21.8 19.9 90)
    (descr "Capacitor SMD 0805 (2012 Metric), square (rectangular) end terminal, IPC_7351 nominal, (Body size source: https://docs.google.com/spreadsheets/d/1BsfQQcO9C6DZCsRaXUlFlo91Tg2WpOkGARC1WS5S8t0/edit?usp=sharing), generated with kicad-footprint-generator")
    (tags capacitor)
    (path /605CB561)
    (attr smd)
    (fp_text reference C8 (at -2.5 0.6 180) (layer F.SilkS)
      (effects (font (size 1 1) (thickness 0.15)))
    )
    (fp_text value 10u (at 0 1.65 90) (layer F.Fab)
      (effects (font (size 1 1) (thickness 0.15)))
    )
    (fp_line (start 1.68 0.95) (end -1.68 0.95) (layer F.CrtYd) (width 0.05))
    (fp_line (start 1.68 -0.95) (end 1.68 0.95) (layer F.CrtYd) (width 0.05))
    (fp_line (start -1.68 -0.95) (end 1.68 -0.95) (layer F.CrtYd) (width 0.05))
    (fp_line (start -1.68 0.95) (end -1.68 -0.95) (layer F.CrtYd) (width 0.05))
    (fp_line (start -0.258578 0.71) (end 0.258578 0.71) (layer F.SilkS) (width 0.12))
    (fp_line (start -0.258578 -0.71) (end 0.258578 -0.71) (layer F.SilkS) (width 0.12))
    (fp_line (start 1 0.6) (end -1 0.6) (layer F.Fab) (width 0.1))
    (fp_line (start 1 -0.6) (end 1 0.6) (layer F.Fab) (width 0.1))
    (fp_line (start -1 -0.6) (end 1 -0.6) (layer F.Fab) (width 0.1))
    (fp_line (start -1 0.6) (end -1 -0.6) (layer F.Fab) (width 0.1))
    (fp_text user %R (at 0 0 90) (layer F.Fab)
      (effects (font (size 0.5 0.5) (thickness 0.08)))
    )
    (pad 1 smd roundrect (at -0.9375 0 90) (size 0.975 1.4) (layers F.Cu F.Paste F.Mask) (roundrect_rratio 0.25)
      (net 9 VDD))
    (pad 2 smd roundrect (at 0.9375 0 90) (size 0.975 1.4) (layers F.Cu F.Paste F.Mask) (roundrect_rratio 0.25)
      (net 1 GND))
    (model ${KISYS3DMOD}/Capacitor_SMD.3dshapes/C_0805_2012Metric.wrl
      (at (xyz 0 0 0))
      (scale (xyz 1 1 1))
      (rotate (xyz 0 0 0))
    )
  )

  (module Capacitor_SMD:C_0805_2012Metric (layer F.Cu) (tedit 5B36C52B) (tstamp 605A98D0)
    (at -15.6 19.9 270)
    (descr "Capacitor SMD 0805 (2012 Metric), square (rectangular) end terminal, IPC_7351 nominal, (Body size source: https://docs.google.com/spreadsheets/d/1BsfQQcO9C6DZCsRaXUlFlo91Tg2WpOkGARC1WS5S8t0/edit?usp=sharing), generated with kicad-footprint-generator")
    (tags capacitor)
    (path /605CD97E)
    (attr smd)
    (fp_text reference C9 (at 0 -1.65 90) (layer F.SilkS)
      (effects (font (size 1 1) (thickness 0.15)))
    )
    (fp_text value 22u (at 0 1.65 90) (layer F.Fab)
      (effects (font (size 1 1) (thickness 0.15)))
    )
    (fp_line (start -1 0.6) (end -1 -0.6) (layer F.Fab) (width 0.1))
    (fp_line (start -1 -0.6) (end 1 -0.6) (layer F.Fab) (width 0.1))
    (fp_line (start 1 -0.6) (end 1 0.6) (layer F.Fab) (width 0.1))
    (fp_line (start 1 0.6) (end -1 0.6) (layer F.Fab) (width 0.1))
    (fp_line (start -0.258578 -0.71) (end 0.258578 -0.71) (layer F.SilkS) (width 0.12))
    (fp_line (start -0.258578 0.71) (end 0.258578 0.71) (layer F.SilkS) (width 0.12))
    (fp_line (start -1.68 0.95) (end -1.68 -0.95) (layer F.CrtYd) (width 0.05))
    (fp_line (start -1.68 -0.95) (end 1.68 -0.95) (layer F.CrtYd) (width 0.05))
    (fp_line (start 1.68 -0.95) (end 1.68 0.95) (layer F.CrtYd) (width 0.05))
    (fp_line (start 1.68 0.95) (end -1.68 0.95) (layer F.CrtYd) (width 0.05))
    (fp_text user %R (at 0 0 90) (layer F.Fab)
      (effects (font (size 0.5 0.5) (thickness 0.08)))
    )
    (pad 2 smd roundrect (at 0.9375 0 270) (size 0.975 1.4) (layers F.Cu F.Paste F.Mask) (roundrect_rratio 0.25)
      (net 1 GND))
    (pad 1 smd roundrect (at -0.9375 0 270) (size 0.975 1.4) (layers F.Cu F.Paste F.Mask) (roundrect_rratio 0.25)
      (net 10 +3V3))
    (model ${KISYS3DMOD}/Capacitor_SMD.3dshapes/C_0805_2012Metric.wrl
      (at (xyz 0 0 0))
      (scale (xyz 1 1 1))
      (rotate (xyz 0 0 0))
    )
  )

  (module Capacitor_SMD:C_0603_1608Metric (layer F.Cu) (tedit 5B301BBE) (tstamp 605D4AA4)
    (at 19.4 29)
    (descr "Capacitor SMD 0603 (1608 Metric), square (rectangular) end terminal, IPC_7351 nominal, (Body size source: http://www.tortai-tech.com/upload/download/2011102023233369053.pdf), generated with kicad-footprint-generator")
    (tags capacitor)
    (path /607581B2)
    (attr smd)
    (fp_text reference C10 (at 3 0) (layer F.SilkS)
      (effects (font (size 1 1) (thickness 0.15)))
    )
    (fp_text value 1u (at 0 1.43) (layer F.Fab)
      (effects (font (size 1 1) (thickness 0.15)))
    )
    (fp_line (start 1.48 0.73) (end -1.48 0.73) (layer F.CrtYd) (width 0.05))
    (fp_line (start 1.48 -0.73) (end 1.48 0.73) (layer F.CrtYd) (width 0.05))
    (fp_line (start -1.48 -0.73) (end 1.48 -0.73) (layer F.CrtYd) (width 0.05))
    (fp_line (start -1.48 0.73) (end -1.48 -0.73) (layer F.CrtYd) (width 0.05))
    (fp_line (start -0.162779 0.51) (end 0.162779 0.51) (layer F.SilkS) (width 0.12))
    (fp_line (start -0.162779 -0.51) (end 0.162779 -0.51) (layer F.SilkS) (width 0.12))
    (fp_line (start 0.8 0.4) (end -0.8 0.4) (layer F.Fab) (width 0.1))
    (fp_line (start 0.8 -0.4) (end 0.8 0.4) (layer F.Fab) (width 0.1))
    (fp_line (start -0.8 -0.4) (end 0.8 -0.4) (layer F.Fab) (width 0.1))
    (fp_line (start -0.8 0.4) (end -0.8 -0.4) (layer F.Fab) (width 0.1))
    (fp_text user %R (at 0 0) (layer F.Fab)
      (effects (font (size 0.4 0.4) (thickness 0.06)))
    )
    (pad 1 smd roundrect (at -0.7875 0) (size 0.875 0.95) (layers F.Cu F.Paste F.Mask) (roundrect_rratio 0.25)
      (net 9 VDD))
    (pad 2 smd roundrect (at 0.7875 0) (size 0.875 0.95) (layers F.Cu F.Paste F.Mask) (roundrect_rratio 0.25)
      (net 1 GND))
    (model ${KISYS3DMOD}/Capacitor_SMD.3dshapes/C_0603_1608Metric.wrl
      (at (xyz 0 0 0))
      (scale (xyz 1 1 1))
      (rotate (xyz 0 0 0))
    )
  )

  (module Capacitor_SMD:C_0805_2012Metric (layer F.Cu) (tedit 5B36C52B) (tstamp 605D4B04)
    (at 22.4 26.6 270)
